[1.47399998 1.43299997 1.43299997 1.43200004 1.43200004 1.43099999
 1.43200004 1.43099999 1.42999995 1.43099999 1.44099998 1.43099999
 1.42999995 1.43200004 1.43299997 1.43299997 1.43700004 1.43799996
 1.43599999 1.43799996 1.44000006 1.44099998 1.44200003 1.43900001
 1.44200003 1.44200003 1.44599998 1.449      1.454      1.45599997
 1.45700002 1.45899999 1.46000004 1.46300006 1.46500003 1.46700001
 1.47000003 1.47099996 1.47800004 1.48000002 1.48000002 1.51100004
 1.49100006 1.49300003 1.49600005 1.50100005 1.50399995 1.51300001
 1.51499999 1.51999998 1.523      1.53100002 1.53299999 1.53699994
 1.54200006 1.54999995 1.54999995 1.55299997 1.55700004 1.56400001
 1.574      1.58399999 1.59899998 1.61500001 1.63300002 1.64999998
 1.66900003 1.69299996 1.69299996 1.69299996 1.69299996 1.69299996
 1.69299996 1.69299996 1.69299996 1.69299996 1.69299996 1.69299996
 1.69299996 1.62       1.63499999 1.65400004 1.67400002 1.69299996
 1.71800005 1.74199998 1.75999999 1.75999999 1.13600004 1.11800003
 1.10699999 1.097      1.08599997 1.07599998 1.06599998 1.05799997
 1.04900002 1.04299998 1.03199995 1.02499998 1.01600003 1.00800002
 0.99900001 0.99199998 0.98400003 0.977      0.97000003 0.96499997
 0.95700002 0.94400001 0.93699998 0.93000001 0.92400002 0.917
 0.91299999 0.90499997 0.90200001 0.89600003 0.88999999 0.884
 0.88       0.87599999 0.86900002 0.86500001 0.86000001 0.85399997
 0.85000002 0.84600002 0.83899999 0.83499998 0.829      0.81800002
 0.81       0.81       0.81       0.81       0.81       0.81
 0.81       0.81       0.81       0.81       0.81       0.81
 0.81       0.81       0.801      0.796      0.78500003 0.778
 0.76999998 0.76599997 0.76300001 0.759      0.75800002 0.75400001
 0.75199997 0.75099999 0.74800003 0.745      0.74299997 0.741
 0.73900002 0.73799998 0.73525    0.73325002 0.73224998 0.73025
 0.72925001 0.72624999 0.72525001 0.72425002 0.72324997 0.72224998
 0.72025001 0.71925002 0.71824998 0.71824998 0.71724999 0.71625
 0.71425003 0.71125001 0.71224999 0.71025002 0.71125001 0.70924997
 0.70824999 0.70824999 0.70725    0.70625001 0.70725    0.70625001
 0.70525002 0.70525002 0.70725    0.70625001 0.70525002 0.70525002
 0.70525002 0.70525002 0.70525002 0.70525002 0.70525002 0.70525002
 0.70625001 0.70625001 0.70525002 0.70525002 0.70725    0.70824999
 0.70824999 0.70924997 0.70924997 0.71025002 0.71025002 0.71125001
 0.70899999 0.70599997 0.72899997 0.72600001 0.71925002 0.71824998
 0.71925002 0.72025001 0.72125    0.72224998 0.72324997 0.72525001
 0.72624999 0.72825003 0.73025    0.73325002 0.73525    0.73624998
 0.73825002 0.73925    0.74124998 0.74425    0.74599999 0.74800003
 0.75199997 0.75199997 0.755      0.75700003 0.759      0.76300001
 0.76499999 0.76899999 0.77100003 0.773      0.77600002 0.77999997
 0.78299999 0.78600001 0.78899997 0.79299998 0.79299998 0.796
 0.79900002 0.80299997 0.80699998 0.81       0.81400001 0.81900001
 0.82300001 0.82700002 0.83200002 0.83499998 0.83999997 0.84600002
 0.85000002 0.85500002 0.86000001 0.86400002 0.87       0.87400001
 0.88       0.88499999 0.89200002 0.89700001 0.90399998 0.90799999
 0.91500002 0.92000002 0.926      0.926      0.926      0.92799997
 0.92799997 0.92799997 0.78799999 0.80199999 0.81099999 0.81900001
 0.82499999 0.83099997 0.83899999 0.84600002 0.85299999 0.86000001
 0.86900002 0.87699997 0.88499999 0.89300001 0.903      0.91299999
 0.921      0.93099999 0.94099998 0.95099998 0.96200001 0.972
 0.98299998 0.995      1.00600004 1.01699996 1.01699996 1.03100002
 1.04299998 1.05599999 1.06900001 1.08299994 1.09800005 1.11199999
 1.12699997 1.14400005 1.15799999 1.15799999 1.61099994 1.61099994
 1.63399994 1.671      1.704      1.73899996 1.73899996 1.84099996
 1.84099996 1.88699996 1.92200005 1.92200005 2.00399995 2.04699993
 2.08699989 2.13899994 2.18600011 2.24000001 2.24000001 2.24000001
 2.24000001 2.24000001 2.24000001 2.24000001 2.24000001 2.24000001
 2.24000001 2.24000001 2.24000001 2.24000001 2.24000001 2.24000001
 2.24000001 2.24000001 2.24000001 2.24000001 2.24000001 4.83699989
 4.81699991 4.82299995 4.81899977 4.80600023 4.78499985 4.78000021
 4.78000021 4.77299976 4.76200008 4.76399994 4.76000023 4.74700022
 4.77199984 4.74700022 4.75400019 4.75199986 4.74100018 4.74399996
 4.75099993 4.73999977 4.73999977 4.74599981 4.74399996 4.73899984
 4.74399996 4.78200006 4.73999977 4.73999977 4.73899984 4.7579999
 4.7579999  4.7579999  1.15499997 1.14900005 1.13699996 1.13699996
 1.13900006 1.13900006 1.14100003 1.14199996 1.14300001 1.14600003
 1.14699996 1.14900005 1.15100002 1.15100002 1.153      1.15499997
 1.15900004 1.16100001 1.16199994 1.16400003 1.16900003 1.16999996
 1.17299998 1.17400002 1.17700005 1.18099999 1.18400002 1.18599999
 1.19299996 1.19400001 1.204      1.20200002 1.20500004 1.20799994
 1.21099997 1.21500003 1.22000003 1.22300005 1.22899997 1.23300004
 1.23599994 1.23599994 0.87800002 0.85900003 0.84399998 0.83499998
 0.82700002 0.81599998 0.81       0.80199999 0.79500002 0.787
 0.77899998 0.77200001 0.76499999 0.759      0.75300002 0.74599999
 0.741      0.73500001 0.72899997 0.72299999 0.71799999 0.71200001
 0.70599997 0.70300001 0.69599998 0.69       0.68800002 0.68300003
 0.67699999 0.66600001 0.66100001 0.65700001 0.65200001 0.648
 0.64399999 0.639      0.63499999 0.63099998 0.62800002 0.62400001
 0.62       0.61699998 0.61299998 0.61000001 0.60600001 0.60399997
 0.60100001 0.59799999 0.59600002 0.59200001 0.58999997 0.58600003
 0.583      0.58099997 0.57800001 0.57599998 0.574      0.58324999
 0.58525002 0.57325    0.57024997 0.57024997 0.56924999 0.56825
 0.56625003 0.56325001 0.56225002 0.56225002 0.56225002 0.56225002
 0.71824998 0.71525002 0.70924997 0.70725    0.70424998 0.70025003
 0.69725001 0.69325    0.69024998 0.68725002 0.68325001 0.68124998
 0.67925    0.67624998 0.67425001 0.66724998 0.66724998 0.66525
 0.66325003 0.65824997 0.65625    0.65224999 0.65125    0.64924997
 0.64824998 0.64625001 0.64424998 0.64125001 0.63824999 0.63725001
 0.63625002 0.63424999 0.63225001 0.63024998 0.63024998 0.62725002
 0.62625003 0.62424999 0.62225002 0.62124997 0.62124997 0.61925
 0.61325002 0.60025001 0.60025001 0.60025001 0.63300002 0.61524999
 0.61325002 0.61325002 0.61325002 0.61224997 0.61124998 0.61124998
 0.61124998 0.61124998 0.61124998 0.61025    0.60925001 0.60925001
 0.60925001 0.60825002 0.60825002 0.60825002 0.60724998 0.60825002
 0.60825002 0.60825002 0.60925001 0.60825002 0.60925001 0.61025
 0.61124998 0.61025    0.61025    0.61224997 0.61224997 0.61325002
 0.61425    0.61425    0.61425    0.61624998 0.61624998 0.61825001
 0.61825001 0.61925    0.62124997 0.62325001 0.62325001 0.62524998
 0.62625003 0.62725002 0.62825    0.62924999 0.63024998 0.63125002
 0.63225001 0.63424999 0.63524997 0.63725001 0.63725001 0.63824999
 0.63924998 0.64125001 0.64324999 0.64525002 0.64625001 0.65025002
 0.65224999 0.65425003 0.65625    0.66025001 0.66125    0.66425002
 0.66624999 0.66925001 0.67224997 0.67425001 0.67925    0.68024999
 0.68325001 0.68524998 0.68825001 0.69125003 0.69524997 0.69625002
 0.70025003 0.70525002 0.713      0.722      0.73400003 0.745
 0.75800002 0.76899999 0.76899999 0.76899999 0.76899999 0.76899999
 0.76899999 0.76899999 0.76899999 0.76899999 0.73199999 0.73699999
 0.75199997 0.76300001 0.773      0.78399998 0.79400003 0.80299997
 0.80299997 0.81       0.81599998 0.82099998 0.82800001 0.83399999
 0.83999997 0.847      0.85399997 0.861      0.86799997 0.87599999
 0.88300002 0.89099997 0.89899999 0.90700001 0.91600001 0.92500001
 0.935      0.94400001 0.95300001 0.96399999 0.97299999 0.98500001
 0.995      1.005      1.01699996 1.02699995 1.03999996 1.05200005
 1.06299996 1.07700002 1.08500004 1.12600005 1.11500001 1.13100004
 1.14699996 1.14699996 1.16299999 1.17999995 1.19700003 1.21300006
 1.23300004 1.25       1.26600003 1.27999997 1.29200006 1.29200006
 1.29200006 1.29200006 1.29200006 1.29200006 1.29200006 1.29200006
 1.29200006 1.29200006 1.29200006 1.29200006 1.29200006 1.29200006
 1.29200006 1.29200006 1.54799998 1.53299999 1.51699996 1.50999999
 1.50100005 1.495      1.49300003 1.48599994 1.48399997 1.48000002
 1.47899997 1.47500002 1.47300005 1.46700001 1.46500003 1.46200001
 1.46200001 1.45799994 1.45799994 1.45200002 1.45299995 1.45299995
 1.44799995 1.44599998 1.44400001 1.44400001 1.44200003 1.44200003
 1.44099998 1.43599999 1.43900001 1.43499994 1.43499994 1.47399998]