[2.39199996 2.36800003 2.36599994 2.36500001 2.36500001 2.36100006
 2.36199999 2.3599999  2.3599999  2.35800004 2.35899997 2.35700011
 2.35899997 2.35299993 2.35100007 2.3599999  2.35299993 2.35599995
 2.36199999 2.35599995 2.36199999 2.36199999 2.36500001 2.36500001
 2.36500001 1.546      1.51699996 1.52100003 1.51800001 1.51800001
 1.51999998 1.52100003 1.52199996 1.52400005 1.52199996 1.528
 1.52699995 1.52999997 1.52600002 1.53299999 1.53299999 1.53499997
 1.53600001 1.54100001 1.546      1.54499996 1.546      1.54999995
 1.55299997 1.55499995 1.55700004 1.55999994 1.56700003 1.56799996
 1.57299995 1.57599998 1.57700002 1.58299994 1.58599997 1.58800006
 1.59399998 1.59399998 1.59399998 2.60500002 2.61299992 2.6170001
 2.62800002 2.63499999 2.64899993 2.65700006 2.66799998 2.66799998
 2.60899997 2.64100003 2.60100007 2.56800008 2.52999997 2.50200009
 2.46399999 2.43300009 2.40100002 2.37400007 2.34200001 2.31500006
 2.29500008 2.26300001 2.24099994 2.21199989 2.19099998 2.16700006
 2.14599991 2.125      2.10500002 2.08599997 2.06399989 2.04699993
 2.02699995 2.01099992 1.995      1.97399998 1.96000004 1.94000006
 1.92900002 1.91299999 1.898      1.87       1.86500001 1.85300004
 1.83800006 1.824      1.81200004 1.79900002 1.78499997 1.77499998
 1.76400006 1.74899995 1.73699999 1.72899997 1.71800005 1.71000004
 1.69599998 1.68499994 1.67700005 1.66600001 1.65400004 1.648
 1.63999999 1.62899995 1.62       1.61399996 1.60500002 1.597
 1.58700001 1.57500005 1.58399999 1.56500006 1.55799997 1.54799998
 1.54799998 1.24399996 1.21599996 1.20200002 1.199      1.204
 1.20000005 1.19799995 1.19599998 1.19099998 1.18900001 1.18700004
 1.18400002 1.18299997 1.18200004 1.17700005 1.176      1.17499995
 1.17200005 1.16999996 1.16999996 1.16700006 1.16799998 1.16400003
 1.16299999 1.16700006 1.16199994 1.15999997 1.15699995 1.15699995
 1.15600002 1.15400004 1.15400004 1.15400004 1.153      1.153
 1.15199995 1.15199995 1.15100002 1.153      1.15499997 1.14600003
 1.16700006 1.14699996 1.13800001 1.15100002 1.17400002 1.16400003
 1.15900004 1.16100001 1.16100001 1.16100001 1.38600004 1.38300002
 1.38100004 1.38100004 1.38       1.38       1.38199997 1.38199997
 1.38199997 1.38199997 1.38100004 1.38699996 1.38699996 1.38699996
 1.38900006 1.38800001 1.38900006 1.39100003 1.39199996 1.39300001
 1.39300001 1.39400005 1.39600003 1.39499998 1.398      1.39199996
 1.41199994 1.40900004 1.40900004 1.40600002 1.41499996 1.41199994
 1.41400003 1.41600001 1.41700006 1.42299998 1.426      1.42700005
 1.42999995 1.43200004 1.43299997 1.44000006 1.44299996 1.44500005
 1.44599998 1.454      1.45700002 1.45899999 1.46200001 1.46599996
 1.47300005 1.47599995 1.48000002 1.48699999 1.49000001 1.49000001
 1.49000001 1.03299999 1.023      1.01300001 1.00999999 1.00699997
 1.00300002 1.00100005 0.99699998 0.99400002 0.991      0.98699999
 0.98799998 0.98900002 0.99400002 0.99699998 1.00199997 1.01100004
 1.01800001 1.01800001 1.01800001 1.01800001 1.01800001 1.01800001
 1.01800001 1.01800001 1.01800001 1.01800001 0.90399998 0.90700001
 0.912      0.92299998 0.92699999 0.93300003 0.935      0.93800002
 0.94       0.94       0.93699998 0.93599999 0.93599999 0.935
 0.935      0.93400002 0.93300003 0.93400002 0.93400002 0.93400002
 0.93400002 0.93300003 0.93400002 0.93400002 0.93300003 0.93400002
 0.93400002 0.93400002 0.93699998 0.93699998 0.93599999 0.93599999
 0.93699998 0.93699998 0.93699998 0.93699998 2.36800003 2.38199997
 2.40799999 2.43199992 2.46300006 2.49300003 2.52099991 2.54699993
 2.57999992 2.61400008 2.67400002 2.63100004 2.62299991 2.60400009
 2.59100008 2.58400011 2.56500006 2.54999995 2.52600002 2.50699997
 2.50699997 2.50699997 2.50699997 2.50699997 2.50699997 2.50699997
 2.50699997 2.50699997 2.50699997 2.50699997 2.50699997 2.50699997
 2.50699997 2.50699997 2.50699997 2.4000001  2.37800002 2.36100006
 2.3499999  2.33699989 2.3269999  2.31800008 2.30999994 2.30599999
 2.2980001  2.29399991 2.28699994 2.27800012 2.27399993 2.26900005
 2.2650001  2.25600004 2.25200009 2.24399996 2.24099994 2.24099994
 2.24099994 3.83400011 3.8210001  3.81500006 3.80999994 3.81200004
 3.79399991 3.77999997 3.78999996 3.77900004 3.773      3.76600003
 3.75999999 3.75999999 3.7420001  3.76699996 3.75699997 3.75
 3.74300003 3.74799991 3.75600004 3.7420001  3.7349999  3.75
 3.75399995 3.7579999  3.75       3.7579999  3.76099992 3.76300001
 3.76200008 3.79200006 3.76300001 3.76799989 3.76900005 3.76900005
 2.25300002 2.23399997 2.23600006 2.23600006 2.24399996 2.23900008
 2.24799991 2.25600004 2.25900006 2.25500011 2.25900006 2.26200008
 2.26300001 2.26999998 2.27399993 2.27800012 2.28600001 2.28500009
 2.29500008 2.29900002 2.30200005 2.31100011 2.31399989 2.31900001
 2.32999992 2.3210001  2.36299992 2.3440001  2.35400009 2.35899997
 2.35899997 2.36400008 2.37199998 2.38000011 2.38800001 2.39400005
 2.41199994 2.43099999 2.45000005 2.48099995 2.5        2.54200006
 2.57200003 2.61400008 2.61400008 2.61400008 2.61400008 2.61400008
 2.61400008 2.61400008 2.61400008 2.61400008 2.61400008 2.61400008
 2.61400008 2.227      2.21799994 2.20300007 2.19199991 2.17600012
 2.17000008 2.15899992 2.148      2.13100004 2.12700009 2.08299994
 2.06200004 2.03600001 2.0150001  1.99199998 1.97399998 1.95099998
 1.93799996 1.91299999 1.89600003 1.875      1.85800004 1.84300005
 1.82500005 1.80799997 1.78999996 1.77699995 1.76199996 1.74899995
 1.74899995 1.69700003 1.704      1.69299996 1.68099999 1.66700006
 1.65499997 1.64600003 1.63499999 1.62199998 1.61399996 1.60099995
 1.59300005 1.58599997 1.57299995 1.55999994 1.55400002 1.546
 1.53499997 1.52900004 1.52100003 1.51100004 1.50100005 1.49300003
 1.48399997 1.46700001 1.449      1.43299997 1.43299997 1.43299997
 1.43299997 1.43299997 1.43299997 1.43299997 1.43299997 1.43299997
 1.43299997 1.43299997 1.43299997 1.43299997 1.41600001 1.40400004
 1.38900006 1.37699997 1.37       1.36099994 1.35699999 1.35000002
 1.34800005 1.34399998 1.34099996 1.33399999 1.33200002 1.32799995
 1.32500005 1.32000005 1.31700003 1.31299996 1.30700004 1.30599999
 1.30299997 1.301      1.29999995 1.29400003 1.29200006 1.28999996
 1.28900003 1.28499997 1.27499998 1.27499998 0.866      0.85299999
 0.85299999 0.85500002 0.85600001 0.86000001 0.86299998 0.86400002
 0.86699998 0.87       0.87199998 0.87599999 0.87800002 0.88
 0.884      0.884      0.88599998 0.88800001 0.89300001 0.89600003
 0.89899999 0.903      0.90600002 0.91000003 0.91299999 0.91799998
 0.92199999 0.926      0.93000001 0.93400002 0.93699998 0.94199997
 0.94700003 0.95300001 0.95599997 0.96200001 0.96600002 0.972
 0.97799999 0.98299998 0.98799998 0.99599999 1.         1.00699997
 1.01400006 1.01800001 1.02600002 1.03299999 1.03999996 1.03999996
 1.04799998 1.05400002 1.06200004 1.06900001 1.06900001 1.06900001
 1.06900001 1.30299997 1.30599999 1.30799997 1.31299996 1.31700003
 1.32000005 1.32700002 1.329      1.33399999 1.34000003 1.34300005
 1.347      1.35099995 1.35699999 1.36199999 1.36600006 1.37199998
 1.37800002 1.38499999 1.39100003 1.39900005 1.403      1.40900004
 1.41299999 1.421      1.421      1.426      1.43499994 1.44099998
 1.45000005 1.45500004 1.46399999 1.47000003 1.48099995 1.49000001
 1.495      1.50100005 1.53199995 1.51699996 1.53199995 1.53699994
 1.54999995 1.55700004 1.57000005 1.57700002 1.58800006 1.597
 1.597      1.56200004 1.53299999 1.53499997 1.52999997 1.53199995
 1.53299999 1.53100002 1.53400004 1.53400004 1.53499997 1.53799999
 1.53600001 1.53900003 1.53900003 1.53999996 1.53999996 1.54200006
 1.54400003 1.54499996 1.54499996 1.54700005 1.54900002 1.55299997
 1.55299997 1.55700004 1.55599999 1.56200004 1.56099999 1.56400001
 1.56900001 1.57099998 1.57299995 1.57599998 1.57700002 1.58200002
 1.58500004 1.58800006 1.59300005 1.59300005 2.36800003 2.4000001
 2.43899989 2.46700001 2.46700001 2.50699997 2.54900002 2.58500004
 2.58500004 2.58500004 2.61999989 2.65100002 2.64299989 2.63700008
 2.62800002 2.6170001  2.602      2.59599996 2.58699989 2.57399988
 2.56500006 2.55500007 2.54999995 2.54299998 2.53900003 2.52999997
 2.52600002 2.5150001  2.5        2.49300003 2.4920001  2.4920001
 2.47900009 2.47300005 2.46799994 2.45099998 2.45300007 2.45000005
 2.44000006 2.43300009 2.4289999  2.42600012 2.4230001  2.41400003
 2.41199994 2.40799999 2.40400004 2.4000001  2.39299989 2.39100003
 2.38800001 2.37899995 2.38199997 2.37400007 2.37199998 2.41899991]