[0.50225002 0.50924999 0.51324999 0.51725    0.52025002 0.52025002
 0.52525002 0.52925003 0.53324997 0.53724998 0.54124999 0.54525
 0.55024999 0.55524999 0.55925    0.56524998 0.56924999 0.57625002
 0.58125001 0.58625001 0.59224999 0.59824997 0.60624999 0.60624999
 0.61224997 0.61825001 0.62524998 0.63225001 0.63824999 0.64525002
 0.65399998 0.662      0.662      0.67799997 0.67799997 0.69
 0.69999999 0.70999998 0.71899998 0.72799999 0.74000001 0.75099999
 0.76099998 0.773      0.78299999 0.78299999 0.78299999 0.78299999
 1.22300005 1.24699998 1.273      1.301      1.329      1.36099994
 1.39400005 1.426      1.46099997 1.49899995 1.49899995 1.49899995
 1.49899995 1.49899995 1.49899995 1.49899995 1.49899995 1.49899995
 1.49899995 1.49899995 1.49899995 1.49899995 1.49899995 1.49899995
 1.49899995 1.49899995 1.49899995 1.49899995 1.49899995 1.49899995
 1.49899995 1.49899995 1.49899995 1.49899995 1.49899995 1.49899995
 1.49899995 4.54300022 4.54300022 4.55200005 4.53800011 4.53800011
 4.54199982 4.53499985 4.51200008 4.5250001  4.51499987 4.51599979
 4.49800014 4.4920001  4.49599981 4.49399996 4.5        4.48699999
 4.50299978 4.48999977 4.50699997 4.48199987 4.48799992 4.49800014
 4.49300003 4.4920001  4.49300003 4.5        4.51399994 4.58400011
 4.5170002  4.51900005 4.52299976 4.53000021 4.53000021 4.53200006
 4.53999996 4.53900003 4.54799986 4.55100012 4.55700016 4.55900002
 4.55900002 4.55900002 1.94000006 1.92200005 1.92400002 1.93200004
 1.93299997 1.92999995 1.92400002 1.92400002 1.92400002 1.92400002
 1.92400002 1.92400002 1.92400002 1.92400002 1.92400002 1.92400002
 1.92400002 1.92400002 1.92400002 0.97399998 0.96799999 0.96399999
 0.96100003 0.95899999 0.95999998 0.96399999 0.96600002 0.97100002
 0.97500002 0.97799999 0.98299998 0.986      0.991      0.99400002
 0.99699998 1.00300002 1.00800002 1.00800002 1.01199996 1.01600003
 1.023      1.028      1.03199995 1.03799999 1.04400003 1.04900002
 1.05400002 1.06099999 1.06599998 1.07299995 1.07799995 1.08500004
 1.09200001 1.10000002 1.10500002 1.11199999 1.11800003 1.12699997
 1.13300002 1.14300001 1.14999998 1.15799999 1.16600001 1.16600001
 1.16600001 1.20299995 1.17999995 1.171      1.16199994 1.15199995
 1.14300001 1.14300001 0.792      0.78799999 0.773      0.76700002
 0.75400001 0.75800002 0.75400001 0.75       0.74599999 0.74199998
 0.74000001 0.736      0.73199999 0.72899997 0.72500002 0.722
 0.72100002 0.71700001 0.71399999 0.71200001 0.70899999 0.708
 0.70599997 0.704      0.70099998 0.699      0.69700003 0.69400001
 0.69300002 0.68900001 0.68800002 0.68599999 0.68599999 0.68099999
 0.68000001 0.68000001 0.67799997 0.68300003 0.67699999 0.67199999
 0.671      0.66900003 0.66799998 0.66600001 0.66500002 0.66399997
 0.66100001 0.65899998 0.65899998 0.65799999 0.65700001 0.65600002
 0.65499997 0.65499997 0.65399998 0.653      0.65200001 0.65100002
 0.65100002 0.64999998 0.64899999 0.64899999 0.648      0.64899999
 0.64700001 0.64700001 0.64600003 0.64700001 0.64600003 0.64600003
 0.64399999 0.64300001 0.64300001 0.64499998 0.64600003 0.65625
 0.66624999 0.65724999 0.65724999 0.65724999 0.65925002 0.65925002
 0.65425003 0.65425003 0.79825002 0.79825002 0.80124998 0.80124998
 0.79925001 0.79724997 0.79825002 0.79825002 0.79724997 0.79525
 0.79525    0.79525    0.79525    0.79525    0.79525    0.79525
 0.79525    0.79624999 0.79724997 0.79525    0.79624999 0.79624999
 0.79825002 0.79825002 0.79925001 0.79925001 0.79925001 0.80024999
 0.79525    0.79525    0.82700002 0.82099998 0.80825001 0.80825001
 0.81024998 0.81124997 0.81325001 0.81524998 0.81825    0.81825
 0.82024997 0.82225001 0.82525003 0.82625002 0.82999998 0.83200002
 0.83499998 0.83724999 0.84100002 0.83999997 0.84399998 0.84799999
 0.85000002 0.85000002 0.852      0.85600001 0.85900003 0.861
 0.866      0.86799997 0.87199998 0.87699997 0.88       0.88200003
 0.88599998 0.89099997 0.89399999 0.89700001 0.90200001 0.90499997
 0.91000003 0.91500002 0.91500002 0.85900003 0.83600003 0.83225
 0.83525002 0.83824998 0.84025002 0.84425002 0.84899998 0.852
 0.85500002 0.86000001 0.86299998 0.866      0.87099999 0.87599999
 0.87900001 0.884      0.88700002 0.89399999 0.898      0.903
 0.90799999 0.912      0.917      0.92299998 0.92900002 0.93300003
 0.93900001 0.94499999 0.95099998 0.95599997 0.96399999 0.96899998
 0.97399998 0.98199999 0.98699999 0.995      1.00199997 1.00199997
 1.00899994 1.01699996 1.02199996 1.03199995 1.03799999 1.046
 1.05400002 1.06299996 1.07000005 1.08200002 1.09000003 1.10000002
 1.10000002 1.10000002 1.43700004 1.43700004 1.45500004 1.47300005
 1.49199998 1.51100004 1.53299999 1.551      1.574      1.59599996
 1.62       1.64300001 1.64300001 1.43499994 1.41999996 1.42200005
 1.42499995 1.42900002 1.43200004 1.43799996 1.44200003 1.44400001
 1.45200002 1.45500004 1.46000004 1.46800005 1.47099996 1.47500002
 1.47899997 1.48699999 1.49300003 1.49899995 1.50600004 1.51100004
 1.51499999 1.52600002 1.53100002 1.53699994 1.546      1.54999995
 1.55799997 1.56400001 1.57200003 1.58200002 1.59200001 1.59800005
 1.60899997 1.61800003 1.61800003 1.71099997 1.71099997 1.73000002
 1.70099998 1.70000005 1.70000005 1.69799995 1.69599998 1.69400001
 1.69299996 1.69200003 1.68700004 1.69000006 1.68499994 1.68499994
 1.68400002 1.68400002 1.68299997 1.68200004 1.68200004 1.68200004
 1.68200004 1.67900002 1.68099999 1.67999995 1.68099999 1.68200004
 1.68099999 1.67999995 1.68200004 1.68099999 1.67999995 1.67999995
 1.68200004 1.68400002 1.68599999 1.69200003 1.68599999 1.67499995
 1.70299995 1.69099998 1.69599998 1.69700003 1.69799995 1.704
 1.70200002 1.70799994 1.70899999 1.71099997 1.71399999 1.71700001
 1.72099996 1.72500002 1.73099995 1.73300004 1.73599994 1.74000001
 1.74399996 1.74699998 1.75100005 1.75699997 1.76199996 1.76499999
 1.76499999 1.76499999 0.85799998 0.83999997 0.82499999 0.81400001
 0.80400002 0.79500002 0.78500003 0.764      0.75700003 0.74800003
 0.73900002 0.73100001 0.72299999 0.71499997 0.70700002 0.69999999
 0.69199997 0.685      0.67900002 0.67299998 0.66600001 0.65899998
 0.653      0.648      0.64025003 0.63524997 0.63024998 0.62524998
 0.62024999 0.61524999 0.60925001 0.60425001 0.59925002 0.59525001
 0.59125    0.58625001 0.58225    0.57725    0.57325    0.56924999
 0.56625003 0.56225002 0.55524999 0.55124998 0.54724997 0.54425001
 0.54124999 0.53825003 0.53525001 0.53125    0.52925003 0.52625
 0.52324998 0.52025002 0.51924998 0.51625001 0.51225001 0.51024997
 0.50825    0.50524998 0.50325    0.50125003 0.49825001 0.49625
 0.49425    0.49825001 0.49825001 0.49825001 0.49825001 0.66399997
 0.653      0.648      0.64399999 0.63924998 0.63125002 0.62825
 0.62424999 0.62124997 0.61825001 0.61524999 0.61124998 0.60724998
 0.60525    0.60124999 0.59925002 0.59625    0.59324998 0.59125
 0.58824998 0.58525002 0.58324999 0.58125001 0.57924998 0.57525003
 0.57424998 0.57125002 0.56924999 0.56725001 0.56524998 0.56225002
 0.56024998 0.55825001 0.55825001 0.55624998 0.55425    0.55225003
 0.55024999 0.54925001 0.54724997 0.54525    0.54325002 0.54224998
 0.54025    0.53825003 0.53825003 0.53925002 0.54224998 0.55124998
 0.55199999 0.56900001 0.56900001 0.56900001 0.56900001 0.56900001
 0.56900001 0.56900001 0.56900001 0.56900001 0.56900001 0.50199997
 0.50099999 0.50599998 0.509      0.51300001 0.51525003 0.51824999
 0.52025002 0.52125001 0.51924998 0.51824999 0.51824999 0.51725
 0.51824999 0.51725    0.51725    0.51725    0.51625001 0.51725
 0.51625001 0.51725    0.51725    0.51625001 0.51725    0.51625001
 0.51725    0.51725    0.51824999 0.51824999 0.51824999 0.51824999
 0.51924998 0.51924998 0.52125001 0.52125001 0.52225    0.52225
 0.52324998 0.52324998 0.52324998 0.52424997 0.52525002 0.52525002
 0.52625    0.52724999 0.52724999 0.52925003 0.52925003 0.52925003
 0.52724999 0.52600002 0.52399999 0.52399999 0.52399999 0.52399999
 0.52399999 0.52399999 0.52399999 0.52399999 0.52399999 0.52399999
 0.52399999 0.52399999 0.52399999 0.52399999 0.57300001 0.57599998
 0.57200003 0.56900001 0.56725001 0.56725001 0.56825    0.57024997
 0.57225001 0.57424998 0.57625002 0.57225001 0.57225001 0.46200001
 0.46200001 0.44525    0.44525    0.44925001 0.45025    0.45324999
 0.45425001 0.45725    0.46024999 0.46024999 0.46224999 0.46524999
 0.46724999 0.47025001 0.47325    0.47624999 0.47925001 0.48225001
 0.48525    0.48925    0.49225    0.49524999 0.49924999 0.50225002]